03;14410020140205;14410020140205;64;60697808;11012;10;0;13;7522;7522;0260697808017
04;2071775000000;0.00;14410020140205
04;8004225032442;0.00;14410020140205
04;8004225032442;0.00;14410020140205
04;8004225032442;0.00;14410020140205
04;8004225032442;0.00;14410020140205
04;8004225032442;0.00;14410020140205
04;8004225032442;0.00;14410020140205
04;8026624801405;0.00;14410020140205
04;8024417036393;0.00;14410020140205
04;80273707;0.00;14410020140205
04;4005808818921;0.00;14410020140205
04;8001120985743;0.00;14410020140205
04;8004708083794;0.00;14410020140205
